spawns:
  default:
    world: 686cfdc4-911c-4639-a4ee-976b05e4a09c
    world-name: world
    x: 134.47608755148784
    y: 83.0
    z: 106.41734814542747
    yaw: 179.95794677734375
    pitch: 0.9843848943710327
